P	C	A	G	I	L	V	M	F	W	P	C	S	T	Y	N	Q	H	K	R	D	E	
1	M	-1	-3	1	2	1	5	0	-1	-2	-1	-1	-1	-1	-2	0	-2	-1	-1	-3	-2	
2	V	0	-3	2	1	4	1	-1	-3	-2	-1	-2	0	-1	-3	-2	-3	-2	-2	-3	-2	
3	K	-1	-2	-3	-3	-2	-1	-3	-3	-1	-3	0	-1	-2	0	1	-1	5	2	-1	1	
4	F	2	-1	-1	0	-1	0	4	0	-2	-1	0	-1	2	-2	-2	-2	-2	-2	-3	-2	
5	N	-2	-1	-3	-3	-3	-2	-3	-3	-2	-3	0	-1	-2	4	1	0	1	4	0	0	
6	S	0	-1	-3	-2	-2	-1	-3	-2	-1	-2	3	1	-2	0	4	0	1	0	0	1	
7	S	3	0	-2	-2	-1	-1	-2	-3	-1	-1	3	1	-2	0	0	-1	0	-1	-1	-1	
8	R	-1	-2	-3	-2	-3	-1	-3	-3	-2	-3	-1	-1	-2	0	3	0	2	5	-1	1	
9	K	-1	-2	-2	-2	-2	-1	-3	-3	-1	-2	0	2	-2	0	1	-1	3	1	0	3	
10	S	2	-1	-2	-2	-1	-2	-3	-3	4	-1	3	0	-2	-1	-1	-2	-1	-1	-1	-1	
11	G	2	4	-2	-2	-1	-2	-3	-3	-1	-1	1	2	-2	-1	-1	-2	-1	-2	-1	-1	
12	K	-1	-2	-3	-3	-2	-1	-3	-3	-1	-3	0	-1	-2	0	3	0	4	2	-1	1	
13	S	0	-1	-2	-2	-1	-2	-3	-3	4	-1	3	3	-2	0	-1	-1	-1	-1	-1	-1	
14	K	-1	-2	-3	-3	-3	-2	-3	-3	-2	-3	-1	-1	-2	0	1	-1	4	4	-1	0	
15	K	-1	-2	-3	-3	-3	-2	-3	-3	4	-3	-1	-1	-2	-1	1	-1	4	4	-1	0	
16	T	1	-2	0	-1	2	0	-2	-3	-1	-1	0	2	-2	-1	-1	-2	1	0	-2	-1	
17	I	1	-2	3	1	2	0	-1	-3	-2	-1	0	2	-2	-2	-2	-3	-2	-2	-2	-2	
18	R	-2	-3	-3	-2	-3	-2	-3	-3	-2	-4	-1	-1	-2	-1	1	0	2	6	-2	0	
19	K	0	-1	-2	-2	-1	-1	1	0	-1	-2	1	0	4	0	0	0	2	0	-1	0	
20	L	2	-2	1	1	1	0	-1	-3	-2	-1	0	-1	-2	-1	-1	-2	-2	-2	2	-1	
21	T	0	-2	0	-1	1	-1	-2	-3	-2	-1	1	4	-2	0	-1	-2	-1	-2	2	-1	
22	A	3	-1	-2	-2	-1	-1	-3	-3	-1	-2	1	0	-2	-1	2	-1	2	1	-1	0	
23	P	-1	-2	-3	-3	-3	-3	-4	-4	7	-3	0	-1	-3	3	-1	-1	-1	-2	0	-1	
24	E	-1	-2	-3	-3	-3	-2	-3	-3	-2	-4	-1	-1	-2	-1	1	0	2	5	0	3	
25	T	0	-1	-2	-2	-1	-1	-3	-3	-1	-2	3	3	-2	0	0	-1	2	0	-1	0	
26	V	2	-1	0	-1	2	-1	-2	-3	-1	-1	2	2	-2	-1	-1	-2	-1	-2	-1	-1	
27	K	-1	-2	-3	-3	-3	-2	-3	-3	4	-3	-1	-1	-2	-1	1	-1	3	3	-1	2	
28	Q	2	-1	-2	-2	-1	-1	-3	-3	-1	-2	1	2	-2	-1	3	-1	1	0	-1	0	
29	N	-2	-2	-3	-3	-3	-2	-3	-3	-2	-3	0	-1	-2	4	2	0	1	3	0	2	
30	K	-2	-2	-4	-3	-3	-2	-4	-4	-2	-4	-1	-1	-3	2	0	-1	4	5	-1	0	
31	P	-1	-2	-3	-2	-2	-2	0	-3	3	-3	0	1	-2	-1	0	-1	1	2	2	2	
32	Q	-2	-2	-2	-1	-2	-1	1	-3	2	-3	-1	-1	-1	1	1	-1	1	3	1	1	
33	K	-2	-3	0	-2	0	-1	-3	-4	-2	-3	-1	-1	-2	-1	2	-1	4	3	1	0	
34	V	0	-2	0	-2	2	-1	-3	-3	1	-2	1	-1	-2	-1	1	2	2	0	-2	-1	
35	F	0	0	-1	-2	-2	-2	3	-2	-2	-3	-1	0	1	-2	0	-1	3	0	-1	2	
36	E	0	-2	-4	-3	-3	-2	-4	-4	-2	-4	1	-1	-3	2	2	-1	3	1	0	4	
37	K	-1	1	-1	-3	-2	-2	-3	-4	2	-3	1	-1	-2	1	0	1	3	1	-1	0	
38	C	2	0	0	0	0	1	0	-3	-2	2	-1	-1	-1	1	-1	1	0	-2	-2	0	
39	F	-1	-1	-1	1	-1	1	3	-1	-3	-2	2	2	3	1	-2	-1	-2	-2	-2	-2	
40	M	-2	-1	1	1	0	1	3	3	-3	-2	-1	-1	1	0	-2	-2	-2	0	-2	-1	
41	R	0	-2	-2	-1	1	-2	0	-4	2	-3	0	-1	-2	3	-1	-2	-1	3	-2	-2	
42	G	-1	1	1	-2	-1	-1	0	6	-3	-3	1	0	1	0	-1	-2	0	1	-2	0	
43	R	-1	-4	-4	-4	-4	-3	-4	-4	-3	-4	-2	-3	-3	-2	-1	-2	0	7	-3	-2	
44	Y	0	-3	2	1	1	3	3	-2	-3	-2	-2	0	1	-3	-2	2	-2	-2	-3	-3	
45	M	-1	-3	2	1	2	1	2	-2	-3	1	-1	0	-1	2	-2	-2	-2	0	-2	-2	
46	L	-2	-4	2	3	2	2	3	-2	-4	-2	-2	1	-1	-4	-3	-3	-3	-3	-4	-3	
47	S	1	0	2	2	3	0	1	-3	-3	-2	0	-1	-2	-3	-3	-3	-3	-3	-3	-3	
48	T	-2	-4	0	1	0	1	5	5	-4	3	-2	-1	1	0	-3	-2	-1	-3	-3	-3	
49	V	0	2	0	2	0	1	-1	2	-3	2	1	0	-2	-2	-2	-3	-2	-3	-3	-3	
50	L	1	0	2	2	1	0	3	-2	-3	1	0	-1	-1	-3	-3	-3	-3	-3	-3	-3	
51	I	0	-1	3	1	2	1	3	-2	-3	-2	-2	0	-1	-3	-3	-3	-3	-3	-4	-3	
52	L	1	-1	1	3	1	0	4	-2	-3	-2	-2	-2	0	-4	-3	-3	-3	-3	-4	-3	
53	L	0	-3	2	3	3	0	2	-3	-3	-2	-1	0	-1	-3	-3	-3	-3	-3	-4	-3	
54	G	0	0	1	2	1	1	0	-2	-2	3	0	0	-2	0	-2	-2	-2	-2	-2	-2	
55	L	-2	-1	0	2	0	1	5	-1	-4	1	0	0	0	-3	-3	-3	-3	-3	-4	-3	
56	C	1	2	0	1	1	1	2	-2	-3	1	0	1	-1	-2	-2	-3	-2	-3	-3	-3	
57	A	1	-1	2	1	2	0	1	3	-3	1	-2	0	-1	-3	-3	-3	-3	-3	-3	-3	
58	L	0	-4	4	3	2	1	1	-3	-4	-2	-3	-2	-2	-4	-3	-4	-3	-3	-4	-4	
59	V	1	-3	3	1	1	0	0	-3	-3	-2	1	1	-2	-2	-2	-3	-2	-3	-1	-2	
60	A	1	3	-1	0	0	-1	1	2	-3	-2	0	2	-1	-2	-2	-3	-2	-3	-3	-3	
61	R	-2	-1	-4	-4	-4	-3	-4	-4	-3	-4	-1	0	-3	2	2	-1	1	6	-2	0	
62	A	0	0	2	4	1	2	-1	-3	-3	-2	-2	-2	-2	-4	-3	-4	-3	-3	-4	-4	
63	A	1	2	1	0	0	-1	2	-1	-3	-2	0	1	3	-2	-2	-2	-2	-3	-3	-3	
64	Y	-3	-1	0	-2	0	1	3	5	-4	-3	-2	-2	5	1	0	-1	-2	0	-1	-2	
65	V	-2	-4	1	4	2	2	1	-2	-3	-2	-3	-2	-2	-4	-3	-3	-1	-3	-4	-3	
66	Q	-2	-3	-4	-3	-3	-2	-4	-3	-3	-4	-2	-2	-3	-2	8	2	0	-1	-2	0	
67	S	-1	-3	4	1	3	0	2	-2	-3	-2	-1	0	-1	-3	-3	-3	-3	-3	-3	-3	
68	I	0	-3	3	1	3	1	-1	-3	0	-2	-1	-1	-2	0	-2	0	-2	0	-2	-2	
69	N	-1	-2	-2	-2	-1	0	-3	-3	-2	-3	1	0	-2	3	2	1	2	1	1	1	
70	A	1	3	-3	-3	-3	-2	1	-2	0	-3	1	-1	2	-1	-2	3	0	-2	-2	-2	
71	D	0	-2	-3	-3	-3	-3	-4	-4	-2	-3	1	2	-3	1	0	1	1	-1	3	2	
72	T	-1	0	-2	-2	-1	0	3	4	-3	-3	-1	0	1	-1	1	-2	1	0	2	0	
73	L	-3	-5	0	5	-1	0	0	-2	-4	-3	-4	-3	4	-4	-3	2	-4	-3	-5	-4	
74	S	1	-2	1	-2	0	-1	0	-3	-2	-3	0	1	-2	-1	1	-2	2	1	-2	1	
75	N	0	-1	-3	-3	-2	-2	-3	-3	-2	-3	1	2	1	2	2	-1	1	-1	0	2	
76	E	-2	-3	-3	-1	-1	-2	-4	-4	-3	-4	-1	-2	-3	-1	3	-1	3	3	1	3	
77	A	4	3	-3	-2	-2	-2	-4	-4	-2	-2	2	-1	-3	-2	-2	-3	-2	-3	-3	-2	
78	D	0	0	-3	-2	-1	-2	-4	-4	-2	-3	-1	0	-3	3	-1	-2	2	-1	4	1	
79	K	-1	0	-3	-1	-3	0	-3	-4	-2	-3	0	-1	-3	1	1	-1	3	2	2	2	
80	R	-1	-1	-4	-3	-2	-2	-4	-4	-3	-4	1	-2	-3	2	5	-1	1	4	-2	0	
81	S	-1	-1	-1	-1	-2	-2	-3	2	-2	-3	2	1	-2	1	2	2	-1	2	0	0	
82	L	0	-1	2	1	1	0	-2	-3	-3	-2	0	1	-2	-2	2	-2	0	-2	-2	0	
83	R	-2	-1	-1	-2	0	-2	-3	-3	-3	-3	0	1	0	-1	1	1	3	4	-2	0	
84	K	-1	-3	1	0	0	1	-2	-3	-2	-2	-1	3	-2	0	0	0	1	-1	0	1	
85	D	-1	-3	1	2	2	1	-2	-3	-3	-3	-2	-2	-2	-2	3	-2	-1	1	1	0	
86	E	0	-1	0	-1	-1	-1	-2	-3	3	-2	1	1	0	2	0	-2	0	-2	-1	-1	
87	V	-1	-3	3	1	2	0	0	-3	-3	-2	0	1	1	-2	-1	-2	-2	-3	-1	-1	
88	L	1	-3	-1	-1	-2	-2	2	-3	5	-3	1	-2	-2	-2	-1	-3	-1	-2	-2	2	
89	S	2	0	-2	-3	0	-2	-4	-4	4	-2	1	0	-3	1	2	-2	-1	-2	0	-1	
90	V	1	0	-1	-3	-1	-2	-3	-4	3	-2	1	2	-2	-1	1	0	1	0	-2	1	
91	R	-4	-5	-5	-4	-5	-4	-5	-5	-4	-6	-3	-3	-4	-3	-1	-2	0	8	-4	-2	
92	G	-2	7	-6	-5	-5	-4	-5	-4	-4	-4	-2	-3	-5	-2	-3	-4	-1	1	-3	-3	
93	S	0	-2	1	0	-1	1	-2	-3	-2	-2	2	1	-2	1	0	-2	1	-1	0	1	
94	I	-3	-5	7	0	2	2	1	-4	-5	-3	-4	-2	-2	-5	-4	-5	-4	-5	-5	-5	
95	L	-2	-4	0	2	1	-1	0	-1	-4	3	-1	1	5	-1	-3	-1	-1	-3	-4	-3	
96	D	-4	-3	-5	-6	-5	-5	-6	-7	-4	-6	-2	-3	-5	-1	-2	-3	-3	-4	8	0	
97	R	-3	-4	-5	-4	-5	-3	-5	-5	-4	-5	-3	-3	-3	-2	-1	2	1	8	-4	-2	
98	N	-3	-2	-4	-2	-4	-3	-4	-4	-4	-4	1	-2	0	7	-2	2	0	0	-1	-2	
99	G	-2	6	-5	-5	-5	-4	-1	-4	-4	-4	-2	-3	-4	3	0	-3	-3	-3	-2	-3	
100	Q	-1	-3	1	-2	1	-1	-2	-3	-3	-3	-1	-1	2	0	0	-1	3	1	1	1	
101	L	0	-1	0	0	1	1	-3	-4	5	-3	-2	-2	-3	-3	-2	-3	0	-1	-3	-1	
102	L	-1	-5	2	5	1	0	-1	-3	-4	-3	-3	-1	-2	-4	-3	-4	-4	-4	-5	-4	
103	S	5	-2	-2	-3	1	-2	-4	-4	-3	-2	0	0	-3	-3	-2	-3	-2	-3	-3	-3	
104	V	-1	-1	2	0	2	-1	1	-3	-3	-2	-1	1	-2	-1	-2	-2	-2	-1	0	1	
105	S	-1	-2	-4	-4	-3	-3	-4	-5	-3	-3	2	2	-3	5	1	-2	-2	-2	4	-1	
106	V	0	-1	1	1	2	0	-2	-3	-2	-2	-1	2	-2	-2	0	-2	0	0	-2	-2	
107	P	1	-2	-2	1	-2	-1	-3	-3	4	-2	1	2	-3	-2	-1	-2	-1	-2	0	1	
108	M	2	-2	1	0	3	1	0	3	-2	-2	0	1	-1	-2	-2	2	-2	-2	-3	-2	
109	S	-1	-3	-3	-2	-2	0	1	-1	2	-3	-1	-1	6	1	-1	-1	0	1	-2	-1	
110	A	2	0	-2	-3	-1	-2	-3	-3	-2	-2	1	0	-2	1	0	-2	0	0	2	1	
111	I	-2	-4	4	3	2	0	-1	-3	-3	-2	-1	-2	-2	-4	-3	-4	-3	-3	-4	-4	
112	V	-1	0	1	-1	0	-1	3	5	-3	2	-2	0	4	-2	-2	-1	-1	-2	-3	-2	
113	A	3	-2	2	-1	2	-1	1	-2	-2	1	1	-1	1	-3	-2	-2	-2	-3	-3	-2	
114	D	-2	-3	0	-2	2	-2	-3	-4	-3	-3	0	0	-2	2	1	3	-1	-2	3	1	
115	P	-2	-4	-4	-4	-4	-4	-4	-4	8	-4	0	1	0	-3	-3	-3	-3	-4	-3	-3	
116	K	0	-1	-2	-1	-2	-2	-2	-3	-2	-3	0	2	0	0	0	-1	3	3	-2	0	
117	T	-1	-3	-1	0	0	1	-2	-3	-2	-3	0	0	0	0	1	1	1	1	1	2	
118	M	-1	-4	2	1	3	3	2	-3	-3	2	-1	1	-1	-3	-3	-3	-3	-3	-4	-3	
119	L	0	-1	-2	0	-1	1	-2	3	-2	-2	1	2	-2	-1	0	0	1	1	-2	1	
120	K	-2	-1	-3	-3	-3	-2	0	-3	0	-3	-1	-1	-2	2	0	1	3	1	2	1	
121	E	1	-2	-2	-1	-2	2	-3	-3	3	-2	0	1	-2	-1	2	-1	2	1	-1	1	
122	N	-1	-1	-1	0	-1	0	0	-2	0	-2	-1	0	-1	1	0	-1	1	-1	3	1	
123	S	0	-1	-1	0	0	-1	0	-2	-1	-2	1	-1	1	0	0	2	0	0	1	0	
124	L	0	-2	2	2	1	0	-1	-2	0	-2	-1	0	0	-1	-1	-2	0	-1	1	0	
125	A	1	-1	1	0	1	0	-1	-2	-2	-1	1	1	0	1	-1	-2	0	-1	-1	-1	
126	D	0	-1	-1	-1	0	-1	-2	-2	1	-2	0	-1	-1	2	1	1	0	1	2	1	
127	K	-1	-1	-2	0	-2	-1	-2	-3	2	-3	-1	-1	-2	2	1	1	2	0	1	1	
128	E	-2	-3	-1	-1	-2	-2	-3	3	-2	-4	-1	0	-2	-1	1	-2	3	-1	1	4	
129	R	-2	-3	-1	-1	0	-1	-3	-3	1	-3	-1	1	-2	-1	2	-2	1	4	-2	1	
130	I	1	-3	2	2	0	-1	1	6	-3	-2	-2	-1	3	-3	-2	-2	-2	-1	-4	-3	
131	A	1	-2	-3	-3	-3	-2	-4	-4	1	-3	1	0	-3	2	1	-2	4	1	0	-1	
132	A	2	-2	-1	-2	-2	0	-3	-3	0	-3	-1	-1	-3	-1	1	-2	3	1	0	2	
133	L	-2	-5	3	5	2	1	-1	-3	-4	-2	-3	-2	-2	-4	-3	-4	-4	-3	-4	-4	
134	A	4	0	-2	-2	1	-2	-3	-3	-2	-2	2	-1	-3	0	-2	-2	-1	0	-2	-2	
135	E	0	-1	-3	-2	-2	-2	-3	-3	2	-3	1	0	-2	0	1	-1	2	1	2	3	
136	E	1	-3	3	0	2	-1	0	-3	-2	-2	-1	-1	-2	-2	-1	-2	-1	-2	1	1	
137	L	-2	-4	2	4	2	0	-1	-3	-4	-2	-1	-2	-2	-4	-3	-4	-1	-3	-4	-4	
138	G	0	2	-4	-4	-3	-3	-4	-4	2	1	1	-1	-3	2	-1	3	0	-2	3	0	
139	M	-1	-2	3	2	1	4	-1	-3	-3	-2	-2	-2	0	-3	1	-3	-2	-1	-1	-2	
140	T	-1	-2	-3	-2	-1	-2	-4	-4	4	-3	2	2	-3	-1	-1	-2	0	-1	3	0	
141	E	-1	-3	0	1	-1	-1	-2	-3	0	-3	0	1	-3	-1	1	-2	0	-2	2	3	
142	N	0	-2	-3	-2	-3	-2	-4	-4	-2	-3	2	-1	-3	4	1	-1	0	-1	4	1	
143	D	-1	-2	-2	-1	-1	-2	0	-2	-2	-3	0	-1	2	1	0	-1	1	-1	4	1	
144	L	-2	-4	3	3	2	2	2	2	-4	-2	-3	-2	-1	-4	-3	-3	-3	-3	-4	-4	
145	V	0	-3	1	1	0	-1	1	-1	-3	-3	-1	-2	3	-2	0	-1	1	2	-3	-1	
146	K	0	-2	-3	-2	-3	-2	-1	-3	-2	-4	-1	-2	0	3	1	-1	4	1	1	1	
147	K	-1	-3	0	-1	-2	-1	2	-3	-3	-3	-1	0	-1	-2	3	1	2	4	-2	-1	
148	I	-2	-1	3	4	1	1	-1	-3	-3	-2	-3	-2	-2	-3	-3	-3	-1	-1	-4	-3	
149	E	-1	0	-3	-3	-3	-2	-3	-3	-2	-3	0	0	0	3	1	-1	2	0	2	1	
150	K	0	-2	-3	-3	-2	-2	-2	-2	-2	-3	2	-1	2	-1	3	-1	3	0	-1	2	
151	N	1	2	-3	-2	-2	0	-3	-3	-2	-2	1	0	-2	2	-1	0	1	1	2	-1	
152	S	1	-1	-1	-2	-1	-2	-3	3	2	-2	0	-1	-2	-1	0	-2	2	0	0	1	
153	K	-1	-2	-3	-3	-3	-2	0	-3	1	-3	1	1	-2	2	0	-1	3	2	0	1	
154	S	-1	2	-1	-2	-2	0	-2	-2	1	-2	2	0	0	0	0	-1	1	0	0	-1	
155	G	-1	-1	-2	-2	-2	-2	0	-2	-2	-3	-1	0	-1	1	1	2	2	2	1	2	
156	Y	-2	1	-1	-1	-2	-1	5	-1	0	-3	-1	-2	2	-2	-2	3	0	-2	-2	0	
157	L	-1	-1	5	1	2	0	2	-3	-3	-2	-2	0	-1	-3	-3	-4	-3	-3	-4	-4	
158	Y	-1	-3	-2	-2	0	-2	1	3	0	4	0	1	5	-2	-2	-1	1	-2	-3	-2	
159	L	-1	-4	2	3	1	0	-1	-3	2	-2	-2	1	0	-3	-3	-3	-3	-3	-4	-3	
160	A	2	0	-1	1	0	1	0	-3	0	-2	-1	-1	-2	-2	-1	-2	1	-1	-2	-1	
161	R	-2	-1	-3	-2	-2	-2	-3	-4	-3	-3	1	-1	-2	2	0	3	2	4	-2	-1	
162	Q	0	1	-3	-3	-3	1	-4	-4	-2	-4	-1	-2	-3	-1	4	-2	3	0	1	0	
163	V	-1	-4	3	3	2	3	-1	-3	0	-2	-2	0	-2	-3	0	-3	-2	-3	-4	-3	
164	E	-1	-2	-3	-4	-3	-3	-4	-4	1	-3	2	2	-3	4	-1	-2	0	-2	3	0	
165	L	-2	-3	1	0	0	-1	-2	-3	5	-3	-1	0	2	-1	-2	-2	-2	-3	0	1	
166	S	0	0	-1	-2	-1	-2	-2	-3	-2	-3	1	1	0	1	0	-1	1	-1	2	2	
167	K	-1	-3	1	0	1	0	-2	-3	-2	-3	-1	0	0	-2	2	-2	2	-1	-1	3	
168	A	2	1	2	-2	0	-1	-3	-3	-2	-2	1	-1	-3	-2	-1	-2	1	-2	-2	1	
169	N	1	-2	-3	-3	-3	-2	-3	-3	-2	-3	1	-1	-3	2	3	-1	1	-1	2	2	
170	Y	2	-1	-1	0	-1	-1	1	-1	-2	-2	1	-1	3	-2	1	-1	0	-1	-2	1	
171	I	-1	-4	5	1	4	0	-1	-4	-4	-2	-3	-2	-2	-4	-4	-4	-4	-4	-4	-4	
172	R	-1	-2	-1	-2	-2	0	0	-3	-2	1	1	0	-2	2	0	-1	3	1	-1	2	
173	R	2	0	-3	-3	-2	-2	-3	-3	-2	-3	0	-1	1	1	2	-1	2	1	0	0	
174	L	-1	-3	0	3	-1	1	2	-1	1	-2	-2	0	2	-2	-1	1	-1	-2	-2	-1	
175	K	-1	2	-4	-4	-3	-3	-4	-4	-2	-4	0	-2	-2	0	1	3	2	1	0	2	
176	I	-2	-4	3	3	2	2	2	-2	-4	-2	-3	-2	2	-4	-3	-3	-3	-3	-4	-4	
177	K	-2	-3	-3	-3	-3	-3	-3	-3	6	-4	-1	-1	1	0	0	-2	1	-2	1	1	
178	G	-1	6	-4	-4	-4	-4	-4	-4	-3	-4	0	-2	-4	0	-2	-3	-2	-3	-2	0	
179	I	-2	-4	5	1	4	0	0	-3	-3	-2	-3	-1	-2	-4	-3	-4	-3	-3	-4	-4	
180	I	-1	0	-1	-2	-1	-2	1	-2	-2	-3	1	2	3	-1	-1	2	-1	-2	2	2	
181	L	-1	-3	2	2	2	2	3	-2	-3	-2	-1	0	0	-3	-1	-3	-2	-1	-3	-2	
182	E	-1	-3	1	0	1	-1	-2	-3	-2	-2	0	1	-2	1	0	-2	0	0	-1	2	
183	T	-1	-1	-3	-3	-3	-2	-4	-4	0	-3	1	1	-2	2	1	1	1	2	0	3	
184	E	-2	-3	-3	-3	-1	-2	-2	-3	-2	-4	1	0	2	-1	2	3	-1	-1	3	3	
185	H	-2	-3	-3	-2	-3	-2	2	6	3	-3	1	0	2	-1	0	0	-1	-2	1	1	
186	R	-1	-2	-1	0	-2	-1	-3	-4	-2	-3	0	0	-2	0	1	-2	3	3	1	0	
187	R	-3	-4	-4	-4	-4	-3	-4	-4	-3	-5	-2	-3	-3	-2	-1	-2	1	7	-3	-2	
188	F	-2	-3	-1	-1	0	1	2	-1	-3	-3	-1	-2	4	0	1	3	1	-1	-2	0	
189	Y	-3	-4	-3	-1	-3	-2	1	0	-4	-4	-3	-3	9	-4	-3	0	-3	-3	-4	-4	
190	P	-2	-4	-4	-2	-4	-4	-5	-5	8	-4	-2	-3	-4	-4	-3	-4	-3	-4	-3	-3	
191	R	0	0	-2	0	-2	0	2	-1	-3	-3	0	-1	5	2	-1	0	0	-1	-2	-2	
192	V	-1	5	-4	-4	-2	-3	-4	-4	2	-4	-1	-2	-4	-1	-2	-3	1	0	0	0	
193	E	0	-1	-3	-3	-2	-2	-4	-4	0	-3	2	-1	-3	1	2	-1	2	-1	0	4	
194	E	1	-3	1	2	1	0	2	-2	-2	-2	0	1	-1	-2	-2	-2	-1	-2	-2	0	
195	A	2	-2	-1	1	0	1	1	-2	-2	1	0	2	1	-2	-2	-2	-2	-2	-3	-1	
196	A	4	0	-3	-3	-2	-2	-3	-3	-2	-2	3	0	0	-2	-1	-2	-1	0	-2	0	
197	H	-2	-3	-4	-4	-4	-3	-3	-3	1	-4	2	-2	1	2	2	7	-2	-2	0	-1	
198	V	-1	-4	2	3	4	0	1	-3	-3	-2	-3	0	-2	-4	-3	-4	-3	-3	-4	-4	
199	V	-2	-4	4	2	2	0	1	-3	-3	-2	-2	1	-2	-3	-3	-4	-1	-3	-4	-3	
200	G	-1	7	-6	-5	-5	-4	-5	-4	-4	-4	-2	-3	-5	-2	-4	-4	-3	-4	-3	-4	
201	Y	-3	-1	-1	0	-2	-2	5	0	-4	-4	-1	-3	7	-3	-3	-1	-3	-3	-4	-4	
202	T	1	-3	1	-1	3	-1	-2	-3	-3	-2	1	3	1	-1	-2	-2	-2	-3	-3	-2	
203	D	-2	0	-4	-2	-4	-3	-4	-5	-3	-4	1	-1	-3	4	0	-1	-1	0	4	0	
204	I	-2	-3	2	1	1	-1	-2	3	-3	-2	0	2	-2	2	0	-2	-2	-2	1	-2	
205	D	-1	0	-4	-3	-3	-3	-4	-4	-2	-4	0	-2	-3	1	-1	3	-1	-1	6	1	
206	G	-1	4	-3	-4	-2	-3	-3	-3	-3	-4	-1	-2	0	2	-1	2	-1	2	1	1	
207	N	-2	-3	3	-1	1	-1	-2	-3	-3	-3	-1	-1	1	0	1	1	1	0	-2	1	
208	G	-1	7	-5	-5	-5	-4	-5	-4	-4	-4	0	-3	-5	-2	-3	-4	-3	-4	-3	-4	
209	I	-1	-3	2	1	-1	-1	-2	-3	-2	-3	0	2	-2	-2	3	-2	2	0	-2	-1	
210	E	2	-2	-2	0	-1	0	-3	-3	1	-2	2	1	-2	-1	0	-2	0	-1	-1	2	
211	G	-1	6	-4	-4	-4	-3	1	-2	-4	-4	-2	-3	3	-2	-3	-3	-3	-4	-3	-3	
212	I	-1	-4	3	4	1	2	-1	-3	-4	-2	-3	-1	-2	-4	-3	-4	-3	-3	-4	-4	
213	E	-3	-4	-5	-5	-4	-4	-5	-5	1	-6	-2	-3	-4	-2	0	-2	-1	-2	0	7	
214	K	-1	-3	-2	0	-2	-1	-2	-3	-3	-3	0	-2	1	0	0	-1	4	3	0	-1	
215	S	1	-1	-2	-1	1	-2	-2	-2	-2	-2	3	0	3	-1	2	-2	-1	-2	-2	-1	
216	F	-3	-4	0	2	-2	-1	4	-1	-4	2	-3	-3	5	-4	-2	-1	-3	-2	-3	1	
217	N	-3	-3	-5	-5	-4	-4	-5	-5	-3	-5	-1	-2	-4	3	1	-2	-1	-2	5	4	
218	S	0	-2	-4	-3	-3	-3	-4	-4	0	-4	1	-1	-3	0	0	-2	2	0	4	3	
219	L	-1	-3	1	0	1	1	1	5	-3	-2	1	1	2	-2	-1	-2	0	0	0	-2	
220	L	-3	-5	0	5	-1	2	-1	-3	-4	-3	-4	-3	-3	-4	-3	-4	-4	-3	-4	-1	
221	V	0	-2	-2	0	-1	0	-2	-2	-2	-3	0	0	1	1	3	2	2	1	-2	0	
222	G	0	5	-4	-2	-3	-3	-4	-4	0	-3	1	-2	-3	-1	-2	1	0	-2	-2	0	
223	K	0	-2	-3	-3	-1	-2	-3	-3	-2	-3	0	2	0	0	2	1	2	0	-1	2	
224	D	-2	-2	-3	-2	-3	-2	-3	-3	2	-3	1	2	0	1	0	-2	1	0	4	1	
225	G	0	5	-4	-4	-3	-3	-4	-3	0	-3	0	-2	-3	-1	1	-2	1	-2	0	0	
226	S	0	-2	-1	-2	0	-1	0	2	-2	-2	1	0	3	-1	-1	-1	2	0	0	1	
227	R	0	-3	0	-1	2	-1	-3	-3	0	-3	-1	-1	-2	-2	1	-2	3	2	-2	1	
228	T	-1	-3	-1	-1	0	-2	-3	-3	3	-3	-1	2	-2	-1	2	-2	1	-1	-1	3	
229	V	-2	-3	2	0	3	-1	1	-1	-3	1	-1	-1	4	-1	-2	-1	-2	-3	-1	-1	
230	R	-1	-2	0	0	-1	1	-1	2	-2	-3	-1	-1	1	0	0	2	1	2	0	2	
231	K	-1	-3	2	0	2	2	-2	-3	-3	-3	-1	1	-2	-2	0	-2	2	2	0	0	
232	D	-1	-1	-4	-2	-4	-3	-4	-5	0	-4	-1	-2	-4	3	0	-2	-2	-1	6	1	
233	K	0	1	-3	-2	-3	-2	-3	-3	0	-3	1	-1	0	3	0	-1	2	2	0	-1	
234	R	-2	-1	-2	-1	-2	-2	1	-2	-3	-3	-1	-1	2	0	1	2	2	3	0	-1	
235	G	-1	6	-5	-5	-4	-4	-5	-4	-3	-4	-1	-3	-4	-2	-3	-3	1	-3	-3	-3	
236	N	-2	-2	-3	-3	-1	-3	-1	-3	-3	-4	-1	-2	0	5	0	0	1	3	-1	1	
237	I	-2	-4	3	1	3	1	0	-3	0	-2	-1	0	-2	-3	-2	-3	-1	0	-3	-1	
238	V	-2	-4	4	2	2	1	-1	-3	-3	-2	-2	-1	-2	-3	-1	-3	-1	-3	-1	-1	
239	A	1	-1	-3	-3	-2	-2	-1	-3	2	-3	1	-1	-2	2	0	-1	0	1	1	2	
240	H	0	1	-2	-2	-1	-2	-2	-2	-2	-3	0	0	2	0	2	2	1	-1	2	0	
241	I	-1	-2	2	1	1	1	0	-2	-2	-2	-1	0	-1	-2	0	0	0	1	-1	0	
242	S	0	-2	0	-2	-1	-2	0	-3	-2	-3	0	1	-2	1	0	-1	1	0	2	2	
243	D	-1	-2	0	-1	1	-1	-1	-3	1	-2	1	0	-2	-1	2	-2	1	0	1	1	
244	E	-1	-1	0	-1	1	-1	-2	-3	2	-3	0	1	-2	-1	0	1	1	0	1	1	
245	K	-2	-3	-1	0	-2	-2	-3	-3	2	-4	-1	0	0	0	0	0	3	2	0	1	
246	K	1	1	-3	-2	-2	0	-3	-4	2	-3	0	0	-3	2	0	-2	2	-1	1	-1	
247	Y	0	-2	-1	-1	0	0	0	-2	0	-3	1	0	2	0	2	1	2	0	-1	-1	
248	D	1	0	-4	-4	-3	-3	-4	-4	0	-3	0	-1	-3	2	1	0	0	1	4	1	
249	A	0	6	-6	-5	-5	-5	-5	-5	-4	-4	1	-3	-5	-1	-3	-4	-3	-4	-3	-2	
250	Q	-1	0	-1	2	0	1	-2	-3	-3	-3	0	-1	0	2	0	1	1	-1	0	-1	
251	D	-1	-3	-3	-4	-2	-3	-1	-4	-1	-1	0	1	-3	3	0	-2	3	0	4	0	
252	V	-2	-5	5	2	3	2	0	-4	-4	-3	-4	-2	-3	-5	-4	-5	-4	-4	-5	-4	
253	T	-1	-4	0	-2	-1	-2	2	-1	-3	-4	-2	0	5	-1	2	3	1	-2	-1	-2	
254	L	-2	-3	-1	4	0	-1	-2	-4	-4	-3	-1	5	-3	-3	-3	-4	-3	-4	-4	-4	
255	S	-1	-3	-3	-4	-3	-3	-4	-5	-1	-3	3	6	-4	0	-1	-3	-2	-3	-3	-1	
256	I	-3	-5	5	3	2	4	1	-4	-5	-3	-4	-2	-2	-5	-4	-5	-4	-4	-5	-5	
257	D	-4	-4	-6	-6	-5	-5	-6	-6	-4	-6	-1	-3	-5	2	-2	1	0	-3	7	-1	
258	E	0	-1	0	1	-1	0	-2	-3	2	1	1	1	-1	-1	1	-2	1	0	-1	-1	
259	K	-1	0	-2	-3	-1	-2	-3	-4	-1	-3	0	0	-1	1	1	0	3	2	1	1	
260	L	0	-3	2	3	1	2	0	-3	-3	-2	-1	-1	-2	-3	-1	-3	-3	-3	-4	-3	
261	Q	-3	-4	-5	-5	-5	-3	-6	-4	-4	-5	-3	-3	-4	-3	8	-2	-1	-2	-1	0	
262	S	0	-2	-2	-2	-1	0	-1	-3	-2	-3	1	1	0	1	2	-1	2	1	1	1	
263	M	1	-2	1	-1	-1	0	1	-2	-2	-3	1	-1	2	0	0	1	2	0	-2	-1	
264	V	2	-2	2	2	3	2	-2	-4	-3	-2	-1	0	-3	-3	-3	-4	-3	-3	-4	-3	
265	Y	-3	-4	-4	-4	-1	-3	-2	5	-3	-4	-1	-1	5	-2	3	0	0	-2	0	4	
266	R	-1	-1	-4	-3	-3	-3	-4	-4	-3	-4	0	0	-3	2	2	0	2	1	3	2	
267	E	2	-3	2	1	0	-1	-3	-4	-3	-2	-1	0	-3	-1	1	-2	-1	-2	-2	2	
268	I	-1	-5	4	3	2	5	-1	-3	-4	-3	-3	-1	-1	-4	-3	-4	-4	-4	-5	-4	
269	K	-1	-1	-3	-3	-2	-2	-3	-3	-2	-3	-1	1	-1	2	2	-1	2	1	3	1	
270	K	-1	-2	-3	-2	-3	-1	-4	-4	-2	-4	0	-1	-3	4	1	0	3	-1	1	2	
271	A	2	2	-2	-2	-1	-2	0	2	-2	-2	-1	0	3	-1	-1	-1	0	-1	0	-1	
272	V	0	-3	1	1	2	1	0	-2	-1	1	-1	-1	-1	-2	0	-2	1	-1	-2	0	
273	S	0	0	-2	-1	-2	-1	-2	-2	0	-2	0	0	1	2	1	-1	1	0	1	1	
274	E	0	1	-2	-1	-1	-1	0	-2	-2	-2	0	-1	2	1	1	-1	2	1	-1	2	
275	N	0	0	-1	0	-1	-1	1	-2	0	1	0	0	1	3	1	1	-1	-1	-1	-1	
276	N	0	2	-3	-3	-3	-2	-3	-3	0	-3	1	-1	-1	1	1	0	2	1	1	0	
277	A	3	2	-2	-1	-1	-2	-3	-3	3	-2	0	-1	-1	-1	-1	-2	-1	-2	1	-1	
278	E	-1	-3	-2	-1	-3	-1	-4	-4	-1	1	-1	-2	-3	-1	1	1	4	0	3	2	
279	S	-1	1	-4	-4	-3	-3	-1	-3	-3	-4	1	-2	0	2	3	-1	1	3	-1	2	
280	G	3	5	-1	-3	1	1	-4	-4	-3	-3	1	-1	-4	-2	-3	-4	-3	-4	-3	-3	
281	T	4	0	-1	-2	-1	0	0	-4	-3	-2	3	2	-1	-2	-2	-3	-2	-3	-3	-2	
282	A	4	-1	1	1	3	2	-1	-4	-3	-2	-1	-2	-3	-3	-3	-4	-3	-3	-4	-3	
283	V	-1	-5	3	0	5	1	-3	-4	-4	-3	-1	2	-3	-4	-4	-5	-4	-4	-5	-4	
284	L	1	-3	3	2	3	1	-1	-3	-3	-2	1	-1	-2	-3	-3	-3	-3	-3	-3	-3	
285	V	-2	-5	4	3	3	4	-1	-4	-4	-3	-3	0	-3	-4	-3	-4	-4	-4	-4	-2	
286	D	-4	-3	-6	-6	-5	-5	-6	-6	-4	-6	-1	-3	-5	4	-1	0	-3	-3	7	1	
287	V	1	-4	0	-3	1	-3	-3	-4	6	-4	-2	-2	3	-2	-3	1	-3	0	-4	-3	
288	R	-2	-3	-4	-4	-4	-3	0	-4	-2	-4	0	-1	-1	1	2	4	4	2	-1	0	
289	T	-2	-3	-4	-4	-3	-3	-5	-5	-3	-4	1	6	-4	4	-3	-3	-3	-3	1	-3	
290	G	-2	7	-6	-6	-5	-1	-5	-5	-5	-5	-1	-4	-5	-3	-4	0	-4	-5	-4	-4	
291	E	2	0	-4	-4	-3	-3	-4	-4	-3	-4	0	-2	-3	0	2	0	1	-1	0	5	
292	V	-3	-6	5	0	5	-1	-3	-5	-5	-3	-4	-1	-3	-5	-5	-5	-5	-5	-5	-5	
293	L	-3	-5	0	4	-2	0	-2	-4	-4	-4	-3	-2	-3	-4	-1	-3	2	3	-4	-1	
294	A	5	1	-3	-4	-1	-3	-4	-5	-3	2	1	0	-4	-3	-3	-4	-3	-4	-4	-3	
295	M	-2	-5	2	3	0	6	-2	1	-4	-3	-2	-1	0	-4	-1	-4	-2	-3	-5	-4	
296	A	2	-1	1	0	5	-1	-3	-4	-4	-3	1	0	0	-3	-3	-4	-3	-4	-4	-3	
297	T	-1	5	-5	-5	-4	-4	-5	-5	-4	-4	3	0	-4	3	0	-3	-3	-3	-2	-3	
298	A	1	4	-3	-2	-3	-1	-2	0	-2	-3	1	1	-3	-1	-1	-2	0	0	-1	-2	
299	P	-2	-3	-3	-2	-3	-3	1	-3	6	-4	-1	-2	1	-1	-1	-2	1	3	-1	-2	
300	S	0	-2	-1	-3	-2	-2	-3	-3	-2	-2	4	1	-2	1	0	1	-1	-1	3	0	
301	Y	-1	-3	-2	-2	-1	-2	5	0	-3	1	-2	-1	7	-3	0	-1	0	-2	-3	-3	
302	N	0	-1	-3	-3	-2	-2	-2	-3	-2	-3	0	-1	-2	3	0	0	-1	-1	5	0	
303	P	1	-1	-2	-2	-1	-2	-2	-2	5	-2	0	0	2	-1	0	0	-1	-2	-1	-1	
304	N	-1	-2	-3	-2	-3	-3	-3	-3	-2	-3	2	-1	-3	6	-1	0	-2	-2	1	-1	
305	N	-1	1	-1	-1	-1	-1	-2	-3	0	0	-1	-1	-2	2	2	-1	2	0	0	-1	
306	R	-1	-2	-1	1	-1	0	4	-1	0	-2	-1	-1	2	-2	-1	-1	0	0	0	-1	
307	V	0	2	0	-1	0	-1	0	-1	-1	-1	0	0	1	-1	0	-1	-1	0	0	0	
308	G	-1	2	-2	-2	-1	-2	1	1	-2	-2	0	-1	0	0	0	1	-1	0	2	0	
309	V	0	0	0	0	0	0	1	-1	-1	-2	0	0	0	0	0	-1	0	0	1	0	
310	K	-1	-1	-1	-2	-2	-1	-2	1	3	-2	0	0	-2	1	3	-1	2	0	0	0	
311	S	0	-1	0	-2	-1	0	-1	-2	3	-2	1	0	-1	1	2	1	0	-1	0	0	
312	E	1	0	-2	-2	-1	-2	-1	-2	1	-2	1	0	-2	1	0	-1	0	-1	2	2	
313	L	0	-1	-1	0	0	0	0	-2	2	-2	0	0	-1	0	1	-1	1	1	0	0	
314	M	-1	-1	0	1	0	2	1	-1	-1	-2	0	0	2	-1	0	-1	-1	0	-1	0	
315	R	-1	0	-1	0	-1	-1	1	2	-2	-2	-1	0	3	-1	0	1	0	2	-2	-1	
316	N	-3	-3	-5	-3	-4	-4	-5	-5	-2	0	-1	-2	-4	8	-2	-2	-1	-3	2	-2	
317	R	-3	-2	-2	-2	-3	-3	-3	3	-1	-4	-3	-3	1	-2	-1	-2	2	6	-2	-2	
318	A	5	-2	-2	-1	0	0	-3	-3	1	-2	0	0	-3	-3	-2	-3	-2	-3	-1	-2	
319	I	-1	-3	3	1	2	2	0	2	-3	-2	-2	3	1	0	-2	-2	-3	-3	-2	-3	
320	T	-1	-3	-1	-3	-2	0	-3	1	-3	-3	1	4	0	0	5	-2	1	-1	-2	-1	
321	D	3	0	-2	-3	-2	-3	-2	-3	-1	-3	2	1	0	0	-2	-2	-2	-2	3	0	
322	T	0	-2	1	1	1	2	-1	-2	-1	-2	0	1	0	0	0	-2	1	1	-2	-2	
323	F	-2	-4	-1	-3	-1	-3	4	-1	-4	-4	-3	-2	6	-3	-2	-2	-1	5	-4	-3	
324	E	0	-3	-2	-2	-1	-3	-4	-4	2	-4	1	-2	-3	-2	4	-2	-1	-2	-2	4	
325	P	-1	-4	2	-3	0	2	-5	-5	7	-4	-3	-2	-5	-4	-4	-4	-4	-4	-4	-4	
326	G	2	7	-6	-6	-5	-5	-6	-5	-5	-5	-3	-4	-6	-3	-4	-5	-4	-5	-4	-5	
327	S	-2	-3	-6	-6	-5	-5	-6	-6	-4	-4	7	-2	-5	-2	-3	-4	-3	-4	-3	-3	
328	T	1	-3	-2	0	1	-2	-4	-5	-3	-3	2	5	-4	-1	-3	-4	-3	-3	-3	-3	
329	V	-2	-4	3	-1	3	2	5	-3	-4	-3	-1	-1	1	-2	-2	-3	-4	-4	-4	-4	
330	K	-4	-5	-6	-6	-6	-5	-6	-6	-4	-6	-3	-4	-5	-3	-2	-4	8	-1	-4	-2	
331	P	-1	-2	2	-4	1	0	-5	-6	7	-5	-3	0	-5	-4	-4	-5	-4	-5	-4	-4	
332	F	0	-4	3	2	1	1	5	-2	0	-3	-2	-3	1	-4	-4	-3	-4	-4	-5	-4	
333	V	0	-3	2	0	2	1	-3	-4	-3	-3	0	4	-3	2	-3	-3	-3	-3	-3	-3	
334	V	2	-4	1	0	2	1	-1	-2	-4	-3	-3	0	6	-4	-3	-2	-4	-4	-5	-4	
335	L	2	1	0	2	0	2	-2	-4	-3	-2	2	-1	-1	-3	-3	-3	-3	-3	-3	-3	
336	T	4	-3	2	-1	-1	-2	-3	-4	2	-3	1	1	-3	-3	-2	-3	0	-3	-3	-1	
337	A	6	2	-4	-4	-1	-4	-5	-5	-4	-3	-2	-3	-1	-4	-4	-4	-3	-4	-4	-4	
338	L	-4	-6	3	5	-1	2	-2	1	-5	-4	-5	-3	-1	-5	-2	-5	-5	-4	-6	-5	
339	Q	0	-3	-4	-2	-4	-3	-5	-5	-3	-4	0	-1	-4	0	4	-2	0	-2	3	4	
340	R	0	-2	-3	-2	-3	-2	-3	-4	0	-1	1	1	-1	3	1	1	2	0	0	1	
341	G	-2	6	-5	-5	-3	-4	-5	-5	-4	-5	-2	-2	-5	2	-1	-4	2	-3	-2	-1	
342	V	0	-2	2	1	2	2	0	-3	-3	-2	-1	1	-1	-1	0	-2	1	-1	-3	-2	
343	V	0	-2	3	0	1	-1	2	3	-1	-3	-1	2	1	-2	-3	-3	-3	-2	-3	-3	
344	K	-2	0	-2	-2	-2	-2	-4	-4	1	-3	1	2	-3	1	1	1	2	1	2	-1	
345	R	2	0	-1	0	-1	-1	-2	-3	4	-3	0	0	-1	-1	-1	-2	0	0	-1	0	
346	D	0	0	-4	-4	-3	-3	-3	-4	-3	-3	2	1	0	4	-1	-2	-1	-2	2	1	
347	E	-2	-3	-2	-2	-2	-1	-3	-3	-3	-3	2	3	2	0	2	1	-1	0	1	2	
348	I	-2	-2	2	1	2	1	1	2	0	-2	-1	2	0	-2	2	-2	-1	-1	-3	-2	
349	I	-2	-4	3	2	2	0	4	-2	-2	-3	-3	-1	2	-1	-3	-3	-2	-3	-4	-3	
350	D	-1	-1	-3	-4	-3	-3	-2	-4	-1	-3	0	-1	-3	4	1	1	1	-2	4	0	
351	T	1	-1	-1	-3	0	-2	-3	-4	-1	0	1	1	-3	0	-1	-2	0	-2	4	0	
352	T	1	2	-2	-2	-2	-2	-3	-3	3	-3	2	0	-3	-1	1	-2	0	-2	-2	1	
353	S	-1	-2	-1	-2	-2	0	-3	2	6	1	1	1	-3	-1	-1	1	-1	-2	-2	-1	
354	F	-2	-4	4	1	0	1	3	4	-4	-3	-2	-2	4	-2	-2	-3	-4	-2	-4	-4	
355	K	-1	-2	-3	-2	-1	-2	-1	2	0	0	0	1	-1	0	2	1	2	1	0	1	
356	L	0	-2	3	2	1	1	0	6	-4	-3	-1	-1	1	-4	-3	-3	-3	-2	-4	-4	
357	S	-1	2	-4	-3	-3	-2	-4	-4	3	-4	1	-2	0	1	0	-2	1	-1	3	-1	
358	G	-1	5	-5	-5	-4	-1	-4	-4	-1	-4	0	-2	-2	-2	0	-3	1	-2	2	-1	
359	K	0	-1	-1	-3	-1	-2	-2	-3	-1	-3	2	2	2	-1	0	2	3	1	-2	0	
360	E	-1	-1	-1	-3	-3	-3	-4	0	4	0	0	2	-2	2	1	0	1	0	-2	0	
361	I	-2	2	3	-1	1	-2	1	4	2	-3	-3	-2	4	0	-3	-2	-3	-1	-3	-3	
362	V	0	-1	-1	-2	-2	0	-2	1	-1	-3	1	1	2	-1	2	2	1	2	0	-1	
363	D	-2	-3	-2	-3	-3	1	-4	-5	1	-1	-2	-1	-1	3	-2	-3	0	-2	6	-1	
364	V	-1	0	-2	-2	1	-1	-1	7	-2	2	0	-1	1	-2	-1	-1	1	0	-2	-2	
365	A	0	1	-3	-2	-2	-2	-3	5	-2	-3	1	0	-2	1	1	0	1	0	0	1	
366	P	-2	1	-3	-3	-2	-3	1	5	2	-4	-2	-2	5	-1	-2	-1	-1	1	-2	-1	
367	R	-1	-1	-3	-3	-2	-2	-1	2	0	-1	1	0	1	2	1	4	1	2	-1	1	
368	A	-1	5	-5	-3	-4	-4	-5	-4	2	-4	-1	-2	-4	-1	1	-1	-1	0	0	-1	
369	Q	-1	-2	-2	-2	-1	1	-2	-3	3	-1	0	1	2	0	0	0	0	0	2	0	
370	Q	-2	-2	2	2	2	3	-1	-3	-4	0	-3	0	2	-2	2	-3	-1	-3	-4	-3	
371	T	-2	-1	-3	-2	-3	1	-4	-5	-1	-3	1	5	-4	2	-2	-3	-1	0	2	-2	
372	L	-1	-3	2	4	1	3	1	-3	-4	-3	-3	-1	0	-4	-3	-4	-4	-4	-4	-2	
373	D	-1	-2	-2	-1	0	-1	-1	-4	-3	-3	0	2	-1	0	0	0	0	4	1	-1	
374	E	-2	2	-3	-3	-2	-3	-3	2	-3	-4	0	0	0	-1	3	-2	0	-1	2	3	
375	I	5	1	2	-2	1	-2	-4	-5	-3	-3	0	-2	-4	-4	-3	-4	-3	-4	-4	-3	
376	L	-3	-5	2	5	0	3	3	-3	-1	-3	-4	-3	-2	-5	-4	-4	-4	-4	-5	-5	
377	M	1	0	0	-2	-1	1	-3	-4	-3	-3	0	1	-2	-2	3	-2	3	-1	-2	1	
378	N	-1	-3	-1	-2	-1	-1	-3	-4	-3	-4	0	-1	0	3	3	2	3	2	-2	0	
379	S	-2	-3	-5	-6	-5	-5	-5	-5	-4	-4	7	-2	0	-2	-3	-4	-3	-4	-3	-3	
380	S	1	-3	-1	-1	-2	0	-3	-4	-3	4	3	0	-1	-2	-2	-3	1	1	1	-2	
381	N	-4	-4	-5	-6	0	-5	-6	-7	-5	-5	-2	-1	-5	8	-3	-2	-3	-3	1	-1	
382	R	-2	-4	2	1	4	2	-2	3	1	-3	-2	2	-1	-4	-3	-4	-1	-2	-4	-3	
383	G	0	3	0	-2	2	-1	1	-3	3	0	-1	-1	3	-3	-3	-3	-3	-3	-3	-1	
384	V	2	-3	-1	-2	0	4	4	-2	-4	-3	0	2	3	-3	-3	-3	-3	-3	-4	-3	
385	S	0	-1	2	0	4	-1	0	-3	-3	-3	1	0	2	-3	2	-3	-3	-3	-4	-3	
386	R	-2	-3	-4	-3	-4	1	-4	0	-3	-5	-1	-2	-3	2	3	2	3	4	-2	1	
387	L	-1	-5	3	3	3	1	-2	-4	-4	-3	-3	1	-3	-2	-4	-4	-4	-4	-5	-4	
388	A	4	1	-1	1	-1	2	-2	-4	-3	-3	1	0	-3	-3	-2	-1	-2	-3	-1	0	
389	L	-1	-4	0	2	-2	3	-1	-3	-3	-3	-2	-1	1	0	2	-1	-1	2	0	1	
390	R	1	-1	-3	-3	-3	1	-2	-4	-3	-4	1	-1	-3	0	1	0	2	3	0	2	
391	M	-2	-5	4	2	3	4	0	-3	-4	-3	-3	-1	1	-4	-3	-4	-2	-4	-5	-4	
392	P	0	6	-5	-5	-5	-5	-5	-5	0	-4	-2	-2	-5	-2	-4	-4	-2	-4	-2	-4	
393	P	0	-1	2	2	1	0	-2	-3	3	-2	-1	0	-1	-2	-2	-3	-1	-2	-1	0	
394	S	-1	-1	-2	-1	-2	-2	-4	-4	-1	-3	1	-1	-3	1	1	-2	1	-2	4	2	
395	A	0	-3	-1	-2	-2	-2	-1	-3	-2	-3	0	1	1	0	0	0	3	3	-1	1	
396	L	1	-1	1	2	1	3	2	1	-4	-2	-1	-1	2	-3	-3	-3	-3	-3	-4	-3	
397	M	1	-3	1	-1	1	0	0	-2	-1	-2	0	0	1	-1	1	1	0	2	-2	-1	
398	E	0	-3	-4	-4	-3	-3	-4	-4	-3	-4	1	0	-3	2	2	2	2	-1	3	2	
399	T	-1	-1	-1	-3	-2	2	2	4	-4	-4	0	1	6	-2	-2	-2	-2	-3	-2	-2	
400	Y	0	-2	3	3	0	3	1	3	-4	-3	-3	-2	3	-4	-2	-3	-3	-3	-4	-4	
401	Q	-2	0	0	-2	-3	-2	-3	-4	-3	-3	1	0	-2	2	2	3	3	1	-2	1	
402	N	0	-1	-4	-2	-3	-2	-4	-4	-1	-4	-1	0	-3	0	3	-2	3	3	1	0	
403	A	0	-4	0	2	0	0	6	-2	-4	-3	-3	-2	2	-2	-4	-3	-4	-4	-4	-4	
404	G	-1	6	-5	-5	-5	-4	-5	-4	-4	-4	-1	-3	-4	0	-3	2	-2	-4	-2	-2	
405	L	-3	-4	2	3	2	0	4	1	-4	-3	-3	-2	3	-4	-3	-3	-4	-3	-4	-4	
406	S	0	4	-3	-3	-3	-3	-3	-3	1	-3	0	0	0	1	-1	-2	-2	-2	0	-2	
407	K	0	-2	-1	0	0	0	-2	-2	-2	-2	0	0	0	1	1	2	2	1	-1	1	
408	P	-1	-2	-2	-1	-2	-2	-2	-2	4	-2	0	-1	0	-1	0	1	1	1	1	1	
409	T	0	-2	-1	0	0	0	-2	-2	0	-2	1	4	0	-1	0	-2	-1	0	1	-1	
410	D	-1	2	-1	-2	-2	-2	-2	-2	2	-2	0	-1	-2	2	0	1	0	0	2	0	
411	L	-1	-2	2	1	1	1	1	-1	-2	-2	0	0	1	-1	-2	0	-2	-1	-1	-2	
412	G	-1	3	-3	-3	-3	-2	-3	-3	3	-3	0	-1	-2	0	1	0	-1	-2	3	2	
413	L	-1	-2	1	3	1	0	3	1	-2	-2	-2	-1	0	-2	-1	0	-2	-2	-3	-2	
414	I	1	-1	0	-2	0	-2	-2	-2	5	-2	-1	1	1	-1	0	-2	-1	-2	-2	-1	
415	G	0	3	-2	-2	-2	-2	-2	-2	0	-2	1	-1	-2	2	0	-1	0	-1	1	1	
416	E	0	-2	-1	-1	-1	1	-1	-2	-1	-2	1	-1	-2	-1	1	-1	0	-1	0	4	
417	Q	0	-1	-1	-1	-1	0	-1	-1	0	-2	1	1	1	1	1	-1	2	1	-1	0	
418	V	1	-1	0	0	0	0	-1	-2	0	-1	2	1	-1	0	-1	-1	-1	-1	0	0	
419	G	0	5	-3	-2	-2	0	-2	-2	-2	-2	2	-1	-2	0	-2	-2	-2	-2	-1	-2	
420	I	-1	-1	1	1	0	1	1	-1	-1	-1	-1	0	0	1	0	-1	0	-1	-1	-1	
421	L	-1	0	1	1	1	1	0	-1	0	-1	-1	0	-1	-1	0	1	0	0	-1	0	
422	N	-1	1	-2	-2	-1	-2	-1	1	4	-2	-1	0	1	1	-1	-1	-1	0	1	-1	
423	A	0	1	0	-1	-1	-1	0	-2	2	-1	1	1	-1	0	-1	1	-1	-1	1	0	
424	N	0	-1	-1	-1	-1	-1	-2	-2	1	-2	0	0	-1	4	0	2	0	0	1	-1	
425	R	0	-1	0	0	-1	-1	-1	2	1	-2	-1	-1	-1	1	0	1	2	0	1	1	
426	K	-1	-2	-1	-1	-1	-1	0	2	-1	-2	0	0	-1	1	0	0	3	2	0	-1	
427	R	-1	0	-1	0	0	-1	-1	-2	1	-2	0	0	-1	-1	0	1	1	2	0	0	
428	W	-1	0	-1	-1	-1	1	-1	8	-2	0	-1	-1	2	-1	-1	-1	0	-1	1	-1	
429	A	0	1	-2	-1	-1	-1	0	-1	0	-2	2	0	3	0	0	0	-1	-1	-1	-1	
430	D	0	0	-2	-1	-2	-1	-1	-2	1	-2	1	-1	-1	1	1	-1	1	-1	1	1	
431	I	0	1	3	2	1	1	0	-2	-1	-2	0	0	-1	-2	-2	-2	-1	-2	-1	-2	
432	E	2	1	-2	-1	-1	-1	-2	-2	0	-2	1	0	-2	0	0	-1	-1	-1	2	2	
433	R	0	-2	0	1	0	0	0	-2	0	-2	0	1	0	-1	1	-1	0	0	-2	0	
434	A	3	1	1	0	-1	-1	-2	-3	-1	-2	0	-1	-2	-2	-1	-2	-1	0	-2	-1	
435	T	0	-2	-1	-1	-1	-2	-3	-3	-1	-2	2	3	-2	1	0	-2	-1	-2	2	-1	
436	V	0	0	0	1	1	2	0	-2	-2	-2	0	1	0	0	-1	-2	-1	-2	-2	-2	
437	A	3	2	-2	-2	-1	-2	-2	2	0	-2	3	-1	-2	-1	-1	-2	-1	-2	-2	-1	
438	Y	-2	-3	2	2	-1	0	5	-1	-3	-2	-2	-2	3	-3	-2	-2	-2	-2	-3	-2	
439	G	-1	6	-2	-3	-2	-3	-3	-3	-2	-3	-1	-1	-3	0	-2	-2	-2	-2	-1	-1	
440	Y	0	0	-2	-2	-2	-1	-2	-2	-2	-2	-1	0	3	0	5	1	0	0	-1	0	
441	G	1	5	-3	-2	-2	-2	-1	-2	-2	-2	1	-2	1	0	-2	-2	-1	-2	-2	-2	
442	I	-1	-2	1	2	0	2	0	2	-2	-2	0	-1	0	-1	0	0	-2	-2	0	0	
443	T	1	-1	-2	-2	-2	1	-2	1	-2	-2	2	2	-1	2	1	-1	1	-1	-1	1	
444	A	0	-2	2	1	3	3	0	-2	-2	-2	-2	0	2	-3	-1	-2	-1	-1	-3	-2	
445	T	-2	-3	-3	-4	-2	-3	-4	-5	-3	-3	2	7	-4	1	-3	-3	-3	-2	-3	-3	
446	P	-2	-4	-3	0	-2	-3	-4	-5	8	-4	-2	0	-4	-4	-1	-4	-3	-4	-3	-3	
447	L	-2	-4	3	4	0	2	1	-2	-3	-2	-2	-1	0	-4	-3	-3	-3	-3	-4	-3	
448	Q	-1	-2	-3	-4	-4	-3	-4	-4	-3	-4	-1	-1	-3	-2	6	2	1	1	1	3	
449	I	-3	-5	2	3	2	6	-2	-4	-4	-3	-3	-3	-3	-1	1	0	-3	-3	-4	-1	
450	A	5	-2	-1	-1	1	-2	-4	-5	-3	-3	-1	1	-4	-4	-3	-4	-3	-4	-4	-3	
451	R	1	0	-4	-4	-3	-3	-4	-4	-3	-4	1	-1	-3	2	4	0	2	2	-2	1	
452	A	5	0	1	0	0	2	0	-3	-3	-3	-1	-2	1	-4	-3	-3	-3	-3	-4	-3	
453	Y	-1	-5	-1	-2	1	3	3	1	-5	-4	-4	-2	8	-4	-4	-1	-4	-4	-5	-4	
454	A	3	1	-3	-3	-2	-1	-4	-4	-2	-3	2	2	-3	0	2	-1	-2	-2	-2	-2	
455	T	2	-3	1	-2	3	0	-3	-4	-1	0	-1	3	-3	-3	-1	-3	-2	-3	-3	-1	
456	L	-2	-5	4	3	0	0	5	-2	-5	-3	-4	-3	-1	-5	-4	-4	-4	-4	-5	-5	
457	G	5	2	-1	-2	0	-2	-4	-4	-3	-2	0	0	-3	-3	-3	-3	-3	-3	-2	-2	
458	S	-1	-3	-5	-3	-4	-4	-5	-5	-4	-4	1	-2	-4	7	-2	3	-2	0	0	-2	
459	F	-2	4	-4	-3	-4	-3	-2	-3	-3	-4	0	-2	0	4	0	0	-1	-2	2	-2	
460	G	-2	7	-5	-5	-5	-5	-5	-4	-4	-5	-3	-4	-5	-3	-4	-4	-4	-4	-3	-4	
461	V	-1	-2	2	0	2	1	0	1	-3	-2	-1	1	2	-1	-2	-2	1	-2	-1	0	
462	Y	-2	-4	0	1	1	2	-1	-2	-3	0	-1	-2	4	-1	0	-1	1	2	-3	-2	
463	R	0	-2	0	-1	2	0	-3	-4	-2	-3	0	1	-2	-2	-1	0	2	2	-2	2	
464	P	-1	-4	-3	-5	-4	-4	-5	-5	8	-5	0	-3	-5	-4	0	-4	1	-3	-3	-2	
465	L	-2	-4	-2	2	-1	1	1	2	2	-3	-3	-2	4	-3	-2	5	-2	0	-3	-3	
466	S	-1	-3	0	1	0	-1	3	-2	-3	-2	1	1	2	-2	-1	-2	0	1	-2	-1	
467	I	-2	-4	5	1	3	0	0	-3	-2	-3	-3	0	0	-4	-3	-4	-2	-4	-2	-4	
468	T	-1	-2	1	-1	0	-1	-3	-3	-1	-3	1	1	-1	-1	1	0	1	0	1	2	
469	K	-1	-1	-3	-1	-2	-2	-2	0	0	-4	1	-2	-2	-1	0	1	4	2	0	-1	
470	V	-1	-3	3	2	2	0	1	-3	-3	-2	-1	0	-2	-3	-1	-1	0	-1	-1	-1	
471	D	-1	-3	-2	-3	0	-3	-2	-3	1	-4	-2	-1	2	0	1	0	2	-2	3	2	
472	P	-1	0	-3	-2	-1	-3	-1	-4	4	-4	0	-1	-3	3	-1	1	-2	0	3	-1	
473	P	-1	-1	-3	-3	-1	-3	-4	-4	4	-3	0	0	-3	1	0	0	2	1	2	0	
474	V	-1	-3	1	0	1	-1	-3	-4	3	-3	-1	1	-3	1	-1	-2	-1	-1	2	1	
475	I	-1	1	-2	-1	-2	0	0	2	-2	-3	0	0	0	1	2	-1	1	0	1	2	
476	G	1	3	-3	-3	-2	-3	-4	-4	-2	0	0	0	-3	1	0	1	1	-2	2	1	
477	K	-2	-3	0	-3	-2	-2	-1	-4	2	-4	-2	1	-3	-2	-1	-2	4	2	-1	1	
478	R	-2	-3	-2	-2	-1	-2	-4	-4	-1	-4	-1	-1	-3	0	4	1	2	4	-2	1	
479	V	1	-3	3	0	4	-1	-2	-4	-3	-1	-1	-2	-3	-1	-1	-3	-3	-1	-2	-3	
480	F	-1	-3	3	1	2	3	4	-2	-2	-3	-1	-1	0	-2	-3	-3	-3	-4	-4	-3	
481	S	0	-2	-4	-4	-4	-4	-4	-4	2	-3	5	0	1	0	-2	-3	1	-2	2	-2	
482	E	0	-3	-2	-4	-2	-3	-4	3	4	-1	0	-2	-3	-1	1	-1	2	0	0	3	
483	K	0	-1	-4	-4	-3	-3	-4	-4	0	-4	1	-1	-2	-1	4	0	2	1	-1	3	
484	I	1	-3	2	0	2	-1	-2	-3	-3	-2	-1	3	0	0	-2	-3	-2	-3	-1	-1	
485	T	4	-2	-1	-2	1	0	-3	-4	-1	0	1	1	-3	0	0	-3	-2	-3	-2	-2	
486	K	0	-3	-3	-2	-3	-1	1	2	-3	0	0	-2	4	-1	0	-1	3	2	-1	0	
487	D	-2	-1	2	1	0	2	-1	-3	-3	-3	-1	1	-2	1	1	-2	0	-1	1	0	
488	I	-2	-4	2	2	3	5	-2	-4	-1	-3	0	1	-3	-1	-3	-4	-3	-3	-4	-4	
489	V	-2	-4	0	0	0	-1	0	-2	-2	0	-2	2	4	-2	1	0	1	2	-2	-2	
490	G	0	2	-4	-4	-3	-3	-3	0	-3	-4	0	0	0	2	0	0	1	1	3	0	
491	I	0	0	2	2	2	7	-2	-4	-4	-3	-2	-1	-3	-4	-3	-4	-3	-4	-3	-4	
492	L	-1	-5	0	3	1	6	1	-3	-2	-3	-3	-2	-2	-4	0	-4	-3	-3	-3	-1	
493	E	-2	-2	-3	-2	-1	-2	-3	-3	-3	-4	-1	-2	1	1	4	-1	2	1	0	3	
494	K	1	0	-3	-1	-2	-2	-3	-4	0	-3	2	2	-3	0	2	0	-1	0	2	0	
495	V	0	-4	1	-2	5	-2	-3	-4	3	-3	-2	-2	-3	1	-1	0	-3	-3	-3	1	
496	A	1	-3	0	-1	4	-1	-3	-4	-3	-2	0	0	-3	2	-1	-3	-1	-1	-2	0	
497	I	-1	4	-2	-3	-1	-2	-3	2	-3	-3	0	1	-3	0	0	1	1	0	-2	0	
498	K	0	0	-3	-2	-1	-2	-3	1	2	-3	1	4	-1	0	-1	-3	0	-1	-1	-1	
499	N	0	5	-4	-3	-3	-3	-4	-4	-2	-3	0	0	-3	-1	0	1	-1	-1	-2	-2	
500	K	0	2	-3	-3	-3	-2	-2	-3	1	-3	0	2	1	-1	1	-2	1	2	-2	-1	
501	R	1	1	-2	-2	-2	-2	-3	-3	-2	-3	1	1	0	0	1	-1	2	2	-1	0	
502	A	4	2	-3	-3	-1	-2	0	1	-1	1	0	0	-1	-2	-2	2	-1	-2	-1	-2	
503	M	2	-1	-1	-1	-1	1	2	-2	-2	-2	1	0	1	1	0	-1	0	0	-1	-1	
504	V	-1	-3	2	1	3	0	2	-2	-3	-2	0	0	1	-2	-1	-2	0	-1	-2	-2	
505	E	1	0	-2	0	-2	-2	-1	-3	4	-3	-1	-2	-3	0	0	-2	1	0	1	1	
506	G	0	5	-5	-5	-4	-4	-5	2	0	-4	0	0	-4	1	-3	-3	-2	0	0	-2	
507	Y	-3	-2	0	0	1	0	3	1	-2	-4	-2	-2	6	-3	0	-1	-1	1	-4	-2	
508	R	-1	-1	-1	-3	-1	-2	-3	-4	0	-3	0	0	-1	1	1	3	1	2	1	0	
509	V	-2	-5	4	2	4	1	-1	-4	1	-3	-2	-2	-1	-4	-1	-4	-4	-4	-4	-4	
510	G	5	2	-2	-4	-3	-1	-1	-4	-3	-3	1	-2	-4	-3	-3	-4	-3	-2	-4	-3	
511	V	2	6	-2	-3	-2	-4	-5	1	-4	-4	-1	-3	-5	-3	-4	-4	-4	-4	-4	-4	
512	K	-4	-4	-6	-5	-5	-4	-6	-6	-1	-6	-3	-4	-5	-3	-2	-4	8	-1	-4	-2	
513	T	-2	-4	-4	-4	-3	-3	-5	-5	-4	-4	2	7	-4	-3	-3	-4	-3	-4	-4	-3	
514	G	-3	7	-7	-6	-6	-5	-6	-5	-5	-5	-3	-4	-6	-3	-4	-5	-2	-5	-4	-5	
515	T	-3	-5	-4	-4	-3	-4	-5	2	-4	-4	-1	8	-4	-3	-4	-5	-4	-4	-4	-4	
516	A	4	-1	-3	-3	-1	-3	-4	-4	-3	-2	3	3	-4	-2	-2	-3	-2	-3	-3	-3	
517	R	-2	-3	-4	-3	-3	0	-3	-3	-3	-4	-1	-1	0	4	4	-1	1	2	0	2	
518	K	-1	-1	-1	-2	-1	-2	-1	-3	-2	-3	0	0	0	0	2	1	3	0	3	0	
519	I	1	1	0	0	1	0	2	-2	-2	-2	0	0	1	0	-2	0	-2	-1	-2	-2	
520	E	-1	0	-1	-2	0	-2	-2	-2	-2	-3	1	0	2	1	0	0	2	1	1	1	
521	N	-2	0	-3	-3	-3	-3	-3	-4	-1	-3	-1	1	-1	3	-1	1	0	-2	5	0	
522	G	1	4	-2	-2	-2	0	-2	-2	0	-2	0	0	-2	0	0	-2	-1	-1	0	0	
523	H	0	0	-2	-2	-2	-1	-1	5	0	-2	-1	0	2	-1	0	1	1	2	-1	0	
524	Y	-1	-2	-2	-1	-1	0	2	-1	-2	-2	0	0	4	1	1	1	0	0	0	-1	
525	V	0	-1	2	0	1	0	-1	-2	-1	-1	0	1	-1	0	-1	-2	0	0	1	0	
526	N	-1	2	-3	-3	-2	-2	-3	-3	1	-2	0	1	-2	3	-1	0	0	-1	3	0	
527	K	0	-1	-2	-1	-1	-1	-2	3	1	-2	1	0	-2	2	-1	-1	2	-1	1	0	
528	Y	-1	-2	-1	-2	-1	-1	1	-1	-2	-2	-1	-1	5	-1	0	5	0	1	-2	-1	
529	V	1	-2	2	-1	1	-1	-2	2	-2	-2	-1	-1	-2	1	-1	-2	-1	-1	2	0	
530	A	2	1	-1	0	-1	-1	0	3	-1	-2	1	2	0	-2	-2	-2	0	-2	-2	-2	
531	F	-3	-2	-3	0	-3	-3	0	10	-4	-4	1	2	4	0	-3	-3	-4	-4	-4	-4	
532	T	-1	-4	1	0	-2	3	7	-2	-4	-4	-2	1	0	-4	-4	-3	-4	-4	-2	-4	
533	A	3	-2	2	-1	3	1	-3	-4	-1	2	-1	1	-3	-3	-1	-3	-1	-3	-3	-3	
534	G	1	6	-4	-4	-4	-3	-2	-3	-3	-3	-1	-1	-1	-2	-3	-3	-3	-3	-3	-3	
535	I	-3	-4	2	1	1	2	5	3	-4	-3	-3	-3	5	-4	-3	-2	-4	-4	-2	-4	
536	A	3	-1	-1	-2	0	-2	1	-2	-2	-2	1	2	1	-2	-2	-2	-2	-2	-1	-2	
537	P	-2	-3	-3	-3	-3	-3	-3	-3	7	-3	-1	-1	-3	-2	-2	-3	-2	-3	-2	1	
538	I	2	-2	-1	-1	-1	-1	-1	-1	-2	-2	1	0	4	-1	0	-1	-1	-1	0	-1	
539	S	0	-1	-1	-1	-1	-1	-2	-2	0	-2	1	0	0	1	1	-1	1	-1	3	2	
540	D	-1	-1	-3	-2	-2	-3	-3	-4	-2	-3	0	0	-3	5	-1	-1	1	-2	4	-1	
541	P	-1	0	-4	-4	-3	-3	-4	-4	7	-4	0	0	-4	0	-2	-3	-1	-1	-1	-2	
542	R	-1	-1	-3	-3	-3	-2	-4	-4	-2	-3	0	0	-3	0	2	-2	4	3	1	0	
543	Y	-1	-5	2	1	3	1	3	-1	-4	-3	-3	-1	5	-4	-2	-2	-4	-4	-5	-4	
544	A	3	-3	1	0	3	0	1	4	-3	0	1	-1	-2	-3	-3	-3	-3	-3	-4	-3	
545	L	1	-2	3	1	3	2	0	-3	-1	-2	-2	1	-2	-4	-3	-4	-3	-3	-4	-3	
546	V	3	2	-1	0	0	0	0	2	-3	-2	0	0	2	-1	-2	-2	-2	-3	-3	-3	
547	V	-1	-5	3	0	5	2	-2	-4	-4	-3	-2	0	0	-4	-4	-4	-4	-2	-5	-4	
548	L	-1	0	1	1	1	2	-1	6	-4	-3	-2	0	1	0	-2	1	-3	-3	-1	-3	
549	I	-2	-4	4	1	3	0	0	-3	-4	-3	-3	0	1	-1	-3	0	-2	-1	-4	-3	
550	N	-3	-1	-3	-3	-2	1	-4	-4	-1	-4	-2	-2	-4	2	2	-2	0	-2	5	2	
551	D	-2	-2	-4	-4	-3	-3	-4	1	-2	-4	-1	0	-3	4	1	-1	2	0	2	3	
552	P	-1	0	-4	-3	-3	0	-4	-4	7	-4	0	0	-4	0	-1	-3	0	-3	1	-2	
553	K	-1	0	-2	-2	-2	-2	-2	1	0	-3	0	0	0	0	1	0	2	2	0	1	
554	A	1	4	-1	-2	-1	-2	-2	-3	0	-2	1	0	-2	0	-1	-2	-1	-1	0	-1	
555	G	0	2	-1	0	-1	2	-2	-3	1	-2	0	1	-2	0	0	-1	1	0	0	0	
556	E	0	2	-2	-1	-1	-1	0	-2	-1	-3	0	-1	0	0	0	1	2	1	1	0	
557	Y	0	1	0	-1	-1	0	-1	-1	-2	0	1	0	3	0	0	1	-1	2	-2	-1	
558	Y	0	-3	-1	-1	-1	-2	3	-1	-3	-3	2	1	6	-1	-1	-1	-2	-2	-3	-2	
559	G	0	6	-4	-4	-4	-3	-4	-3	0	-3	0	-2	-1	1	-2	-3	-2	-1	-1	-3	
560	G	0	5	-4	-3	-3	-3	0	-3	-3	-3	3	-2	-1	-2	-2	-3	-2	-3	-1	-2	
561	A	1	0	-1	-1	-1	-2	-2	1	-1	-2	2	2	-1	1	-1	0	0	0	0	1	
562	V	-1	-1	2	1	3	1	-1	-3	-3	-2	0	1	-2	-1	-2	-3	-3	-3	-1	-3	
563	S	5	-1	-3	-3	0	-3	-4	-4	2	-2	2	1	-4	-3	-2	-3	-2	-3	-3	-3	
564	A	4	1	-2	0	1	1	-3	-4	-1	-2	1	-1	-3	1	-2	-3	-2	-3	-3	-1	
565	P	-2	-3	-4	-3	-4	-4	-5	-5	7	-4	1	-2	-4	-3	-2	-3	1	-1	1	1	
566	V	0	-5	5	1	3	0	-2	-4	-2	-3	-3	-1	-3	-5	-4	-5	-4	-4	-5	-4	
567	F	0	-1	-2	-1	0	0	5	8	-4	-3	-3	-2	3	-4	-3	-3	-3	-1	-5	-4	
568	S	-1	2	0	-1	0	-2	-3	-3	-3	-3	0	-1	-1	1	1	1	2	3	-1	-1	
569	N	0	-2	-3	-3	-3	-3	-4	-4	-1	-3	1	0	-3	1	0	-2	2	1	3	2	
570	I	-2	-4	4	1	2	1	1	-2	-4	-2	-3	1	3	-4	-3	-3	-3	-3	-4	-4	
571	M	-1	-4	3	2	0	8	-2	-4	-4	-3	-3	-3	-3	-1	-3	-4	-4	-4	-5	-4	
572	G	0	2	-3	-3	-3	0	-3	-4	-2	-3	1	0	-3	2	0	-2	2	1	2	1	
573	Y	0	1	-1	0	-1	0	1	2	-2	-2	0	-1	2	0	0	1	1	0	-1	0	
574	A	3	-2	0	1	1	2	-1	-3	-3	-2	1	-1	2	-3	-2	-2	-2	-3	-3	-3	
575	L	-2	-4	1	4	0	1	1	-3	-4	-3	-2	-1	1	-4	-1	-3	-2	-3	-4	-3	
576	R	-2	-3	-3	-3	-2	-2	-4	-4	-1	-4	-1	-2	-3	1	3	1	4	3	1	2	
577	A	0	1	0	0	-1	1	-1	-2	-2	-2	0	-1	2	-1	2	-1	-1	0	1	1	
578	N	-1	-3	-1	1	-1	2	-2	-3	-2	-3	0	0	0	0	0	2	2	0	0	1	
579	A	0	0	-3	-3	-3	-3	-4	-4	0	-3	1	1	-3	5	0	-1	1	-1	1	1	
580	I	-2	-4	4	2	3	1	-1	-3	0	-2	-2	0	-2	-3	-3	-3	-3	-3	-1	-3	
581	P	-2	-3	-4	-4	-4	-3	-5	-5	6	-4	0	-2	-4	-2	2	-2	3	-1	-2	2	
582	Q	-2	-4	-4	-4	-4	-3	-5	-5	7	-4	-2	-1	-4	-3	3	-3	0	-2	-2	2	
583	D	-2	0	-4	-4	-3	-3	-4	-4	1	-4	-1	1	-3	0	-1	-2	1	0	5	1	
584	A	2	-1	-2	-1	-2	-2	-3	-4	1	-2	0	-1	-3	3	0	-1	2	-1	-1	1	
585	E	-1	-1	1	1	0	0	-1	-2	0	-2	-1	-1	1	0	-1	-1	1	1	-1	1	
586	A	1	1	-1	-1	0	-1	-2	-3	3	-2	1	-1	-2	-1	1	-1	0	1	-1	1	
587	A	0	-1	0	0	-1	1	-2	-3	-2	-2	1	2	-2	4	-1	-1	-1	-1	1	-1	
588	E	-1	1	-3	-3	-3	-2	-3	-3	2	-3	1	-1	-2	1	2	-1	1	0	0	3	
589	N	0	-2	-1	-2	0	-1	-3	-3	-1	-2	0	1	-2	1	3	-1	2	0	1	2	
590	T	1	1	0	-1	1	1	2	-1	-2	-2	0	2	2	-2	-2	-1	-2	-2	-2	-2	
591	T	0	-2	2	0	2	0	-1	-3	-2	-1	1	3	-2	-1	-2	-3	-2	-2	-2	-2	
592	T	-1	0	1	1	1	0	2	-2	-3	4	-1	0	0	-2	1	-2	-2	-2	-2	-1	
593	K	-1	-2	-3	-3	-3	-2	-4	-3	-1	-3	1	-1	-2	0	3	-1	4	1	1	1	
594	S	1	-1	-3	-3	-2	-2	-3	-3	-1	-2	3	0	-2	2	0	-1	2	0	0	0	
595	A	1	3	-3	-3	-2	-2	-3	-3	-2	-2	2	0	-2	4	-1	-1	-1	-1	0	-1	
596	K	2	2	-3	-3	-2	-2	-3	-3	-1	-2	0	-1	-2	-1	0	-1	3	0	-1	2	
597	R	-2	-2	-3	-2	-2	-1	2	-2	-2	-3	-1	-1	0	-1	1	-1	3	5	-2	0	
598	I	-1	-4	4	1	3	1	0	-3	-3	-1	-2	-1	-1	-3	-3	-3	-3	-3	-3	-3	
599	V	-1	-4	4	1	3	1	-1	-3	-3	-1	-2	0	-1	-3	-3	-3	-3	-3	-3	-3	
600	Y	-2	-2	-2	-2	-2	-2	1	1	-3	-3	0	-1	5	4	-1	1	-1	-1	0	-1	
601	I	-1	-3	2	0	1	0	-1	-2	-2	-2	-1	-1	-1	-1	4	-1	0	0	-1	0	
602	G	0	6	-4	-4	-3	-3	-3	-3	-2	-3	0	-2	-3	0	-2	-2	-2	-2	-1	-2	
603	E	-1	-2	-3	-3	-3	-2	-3	-3	-1	-4	0	-1	-2	0	2	0	1	0	2	5	
604	H	-2	-2	-3	-3	-3	-2	-1	-2	-2	-3	-1	-2	2	1	0	7	-1	0	-1	0	
605	K	-1	-1	-3	-2	-2	-1	-3	-3	-1	-3	0	-1	-2	0	1	-1	4	2	-1	1	
606	N	-1	0	-3	-3	-3	-2	-3	-4	-2	-3	1	0	-2	6	0	1	0	0	1	0	
607	Q	-1	-2	-3	-2	-2	0	-3	-2	-1	-3	0	-1	-1	0	5	0	1	1	0	2	
608	K	-1	-1	-3	-2	-2	-1	-3	-3	-1	-3	0	-1	-2	0	1	-1	4	2	-1	1	
609	V	0	-3	2	1	4	1	-1	-3	-2	-1	-2	0	-1	-3	-2	-3	-2	-2	-3	-2	
610	N	-1	0	-3	-3	-3	-2	-3	-4	-2	-3	1	0	-2	6	0	1	0	0	1	0	
